[
  {
    "name": "perpendicular z8/z21 m2, target RIGHT",
    "params": {
      "name": "perpendicular z8/z21 m2, target RIGHT",
      "z1": 8,
      "z2": 21,
      "cone_angle_1": 0.7279579130192881,
      "cone_angle_2": 2.413634740570505,
      "module": 2.0,
      "target_dir": [
        1,
        0,
        0
      ],
      "other_center": [
        0,
        0,
        0
      ],
      "other_angle": 0.0,
      "other_orientation": [
        [
          1.0,
          0.0,
          0.0
        ],
        [
          0.0,
          1.0,
          0.0
        ],
        [
          0.0,
          0.0,
          1.0
        ]
      ]
    },
    "expected": {
      "center": [
        21.0,
        0.0,
        7.999999999999997
      ],
      "orientation": [
        [
          2.220446049250313e-16,
          0.0,
          -1.0
        ],
        [
          0.0,
          1.0,
          0.0
        ],
        [
          1.0,
          0.0,
          2.220446049250313e-16
        ]
      ],
      "angle": 3.5342917352885173
    }
  },
  {
    "name": "perpendicular z8/z21 m2, target UP",
    "params": {
      "name": "perpendicular z8/z21 m2, target UP",
      "z1": 8,
      "z2": 21,
      "cone_angle_1": 0.7279579130192881,
      "cone_angle_2": 2.413634740570505,
      "module": 2.0,
      "target_dir": [
        0,
        1,
        0
      ],
      "other_center": [
        0,
        0,
        0
      ],
      "other_angle": 0.0,
      "other_orientation": [
        [
          1.0,
          0.0,
          0.0
        ],
        [
          0.0,
          1.0,
          0.0
        ],
        [
          0.0,
          0.0,
          1.0
        ]
      ]
    },
    "expected": {
      "center": [
        0.0,
        21.0,
        7.999999999999997
      ],
      "orientation": [
        [
          1.0,
          0.0,
          0.0
        ],
        [
          0.0,
          2.220446049250313e-16,
          -1.0
        ],
        [
          0.0,
          1.0,
          2.220446049250313e-16
        ]
      ],
      "angle": -0.9817477042468103
    }
  },
  {
    "name": "z8/z21 m2, wheel transformed, oblique target",
    "params": {
      "name": "z8/z21 m2, wheel transformed, oblique target",
      "z1": 8,
      "z2": 21,
      "cone_angle_1": 0.7279579130192881,
      "cone_angle_2": 2.413634740570505,
      "module": 2.0,
      "target_dir": [
        2,
        1,
        0.5
      ],
      "other_center": [
        3,
        -2,
        5
      ],
      "other_angle": 0.35,
      "other_orientation": [
        [
          1.0,
          0.0,
          0.0
        ],
        [
          0.0,
          0.8660254037844387,
          -0.49999999999999994
        ],
        [
          0.0,
          0.49999999999999994,
          0.8660254037844387
        ]
      ]
    },
    "expected": {
      "center": [
        21.338141474926328,
        2.8619651000322808,
        17.04466116632821
      ],
      "orientation": [
        [
          0.23744346314192033,
          -0.42551623347775086,
          -0.873244832139349
        ],
        [
          -0.805130283984077,
          0.4167524786432341,
          -0.4219983380967753
        ],
        [
          0.5434940916172788,
          0.803276606525815,
          -0.24364085409774763
        ]
      ],
      "angle": -2.608010346145085
    }
  },
  {
    "name": "75deg shaft z10/z17 m1.5, target RIGHT",
    "params": {
      "name": "75deg shaft z10/z17 m1.5, target RIGHT",
      "z1": 10,
      "z2": 17,
      "cone_angle_1": 0.9162511858634345,
      "cone_angle_2": 1.70174269212806,
      "module": 1.5,
      "target_dir": [
        1,
        0,
        0
      ],
      "other_center": [
        0,
        0,
        0
      ],
      "other_angle": 0.0,
      "other_orientation": [
        [
          1.0,
          0.0,
          0.0
        ],
        [
          0.0,
          1.0,
          0.0
        ],
        [
          0.0,
          0.0,
          1.0
        ]
      ]
    },
    "expected": {
      "center": [
        14.691142838268902,
        0.0,
        7.244443697168013
      ],
      "orientation": [
        [
          0.25881904510252074,
          0.0,
          -0.9659258262890683
        ],
        [
          0.0,
          1.0,
          0.0
        ],
        [
          0.9659258262890683,
          0.0,
          0.25881904510252074
        ]
      ],
      "angle": 3.4557519189487724
    }
  }
]
